20251200193
20260100147
20260100140
20260100134
20260100128
20260100117
20260100112
20260100041
20260100021
20260100013
20260100010
20260100001
20260100702
20260100713
20260100447
20260100026
20260100331
20260100379
20260100043
20260101596
20251200094
20251200009
20251200175
20251200054
20251200308
20251200244
20251200840
20251201082
20251200121
20251200901
20251200406
20251201014
20251201013
20251200544
20251200877
20251201020
20251201076
20251200685
20251200627
20251200745
20251200713
20251200282
20251200265
20251200964
20251200982
20251200980
20251200972
20251200979
20251200463
20251200978
20251200977
20251200827
20251200971
20251200975
20251200974
20251200969
20251200965
20251200963
20251200962
20251200961
20251200960
20251200323
20251200957
20251200956
20251200955
20251200954
20251200952
20251200950
20251200949
20251200947
20251200665
20251200943
20251200942
20251200852
20251200939
20251200937
20251200935
20251200933
20251200932
20251200880
20251200930
20251200929
20251200928
20251200925
20251200927
20251200554
20251200788
20251200921
20251200920
20251200919
20251200918
20251200917
20251200916
20251200915
20251200914
20251200913
20251200910
20251200909
20251200761
20251200833
20251201045
20251200760
20251200832
20251200906
20251200872
20251200904
20251200903
20251200902
20251200220
20251200164
20251200899
20251200759
20251200309
20251200744
20251200966
20251200259
20251200898
20251200897
20251200896
20251200895
20251200893
20251200743
20251200742
20251200831
20251200754
20251200741
20251200675
20251200403
20251200434
20251200511
20251200887
20251200886
20251200874
20251200625
20251200884
20251200820
20251200740
20251200810
20251200958
20251200495
20251200883
20251200881
20251200879
20251200849
20251200878
20251200758
20251200818
20251200738
20251200873
20251200829
20251200871
20251200869
20251200866
20251200816
20251200728
20251200766
20251200737
20251200429
20251200435
20251200735
20251200863
20251200862
20251200861
20251200860
20251200859
20251200830
20251200808
20251200734
20251200757
20251200756
20251200867
20251200857
20251200856
20251200404
20251200855
20251200854
20251200122
20251200769
20251200786
20251200807
20251200806
20251200800
20251200853
20251200851
20251200850
20251200848
20251200847
20251200805
20251201057
20251200804
20251200803
20251200802
20251200809
20251200811
20251200764
20251200799
20251200755
20251200782
20251200822
20251200797
20251200763
20251200318
20251200524
20251200846
20251200845
20251200704
20251200843
20251200795
20251200687
20251200794
20251200793
20251200813
20251200812
20251200442
20251201062
20251200753
20251200836
20251200934
20251200420
20251200752
20251200474
20251200825
20251200526
20251200865
20251200791
20251200636
20251200824
20251200663
20251200790
20251201012
20251200789
20251200787
20251200953
20251200681
20251200785
20251200751
20251200823
20251200784
20251200783
20251200781
20251200778
20251200750
20251200749
20251200775
20251200489
20251200087
20251200748
20251200643
20251200841
20251200838
20251200776
20251200774
20251200772
20251200277
20251200771
20251200821
20251200770
20251200768
20251201024
20251200493
20251200864
20251200835
20251200733
20251201006
20251200801
20251201050
20251200940
20251200908
20251200868
20251201065
20251201081
20251201080
20251201079
20251201078
20251201077
20251201074
20251201073
20251201072
20251200492
20251200767
20251201071
20251201069
20251201068
20251201067
20251200924
20251201041
20251201066
20251200689
20251201064
20251201063
20251201061
20251200615
20251201058
20251200414
20251201056
20251200696
20251201047
20251201015
20251201053
20251201052
20251201051
20251201035
20251201043
20251201049
20251201048
20251201046
20251201044
20251201042
20251201040
20251201036
20251201025
20251200876
20251200481
20251201031
20251201034
20251200710
20251201032
20251201027
20251201026
20251201022
20251201023
20251201021
20251200889
20251200616
20251201008
20251201017
20251201016
20251200814
20251200828
20251200967
20251200983
20251200994
20251200834
20251201009
20251201011
20251200842
20251200858
20251200623
20251200891
20251200907
20251200597
20251200839
20251201003
20251201005
20251201004
20251200747
20251200926
20251201002
20251201001
20251201000
20251200999
20251200746
20251200998
20251200997
20251200578
20251200996
20251200995
20251200993
20251200992
20251200991
20251200990
20251200989
20251200988
20251200987
20251200985
20251200826
20251200223
20251200225
20251200231
20251200161
20251200549
20251200230
20251200222
20251200235
20251200137
20251200239
20251200139
20251200158
20251200241
20251200243
20251200245
20251200246
20251200247
20251200023
20251200123
20251200111
20251200132
20251200114
20251200250
20251200251
20251200148
20251200146
20251200118
20251200144
20251200125
20251200033
20251200252
20251200237
20251200209
20251200257
20251200141
20251200140
20251200130
20251200113
20251200131
20251200038
20251200072
20251200109
20251200108
20251200107
20251200105
20251200258
20251200104
20251200102
20251200098
20251200095
20251200097
20251200092
20251200036
20251200083
20251200080
20251200079
20251200078
20251200077
20251200075
20251200074
20251200070
20251200069
20251200068
20251200067
20251200261
20251200066
20251200064
20251200063
20251200060
20251200059
20251200058
20251200055
20251200051
20251200047
20251200046
20251200045
20251200043
20251200040
20251200039
20251200035
20251200037
20251200034
20251200032
20251200264
20251200267
20251200031
20251200030
20251200029
20251200027
20251200025
20251200026
20251200018
20251200017
20251200012
20251200013
20251200269
20251200011
20251200007
20251200270
20251200273
20251200550
20251200006
20251200044
20251200159
20251200548
20251200227
20251200331
20251200421
20251200458
20251200360
20251200417
20251200536
20251200552
20251200021
20251200057
20251200073
20251200126
20251200206
20251200253
20251200274
20251200310
20251200342
20251200371
20251200396
20251200061
20251200100
20251200151
20251200248
20251200275
20251200263
20251200285
20251200316
20251200348
20251200482
20251200082
20251200195
20251200213
20251200276
20251200238
20251200428
20251200450
20251200488
20251200518
20251200559
20251200591
20251200631
20251200638
20251200679
20251200564
20251200611
20251200660
20251200584
20251200370
20251200652
20251200718
20251200648
20251200280
20251200283
20251200547
20251200546
20251200281
20251200289
20251200384
20251200288
20251200180
20251200290
20251200291
20251200292
20251200295
20251200296
20251200543
20251200541
20251200538
20251200540
20251200534
20251200298
20251200300
20251200287
20251200262
20251200302
20251200532
20251200065
20251200322
20251200203
20251200202
20251200049
20251200531
20251200528
20251200527
20251200307
20251200311
20251200312
20251200525
20251200383
20251200313
20251200314
20251200315
20251200522
20251200324
20251200321
20251200326
20251200521
20251200520
20251200358
20251200015
20251200385
20251200516
20251200513
20251200515
20251200512
20251200401
20251200255
20251200507
20251200503
20251200506
20251200505
20251200502
20251200386
20251200349
20251200501
20251200498
20251200494
20251200491
20251200490
20251200387
20251200388
20251200389
20251200390
20251200487
20251200485
20251200486
20251200484
20251200350
20251200483
20251200392
20251200378
20251200351
20251200393
20251200382
20251200397
20251200332
20251200480
20251200479
20251200478
20251200477
20251200334
20251200408
20251200398
20251200399
20251200400
20251200402
20251200405
20251200409
20251200353
20251200730
20251200410
20251200411
20251200413
20251200729
20251200476
20251200727
20251200475
20251200354
20251200726
20251200272
20251200473
20251200472
20251200725
20251200722
20251200415
20251200721
20251200720
20251200716
20251200717
20251200598
20251200249
20251200416
20251200138
20251200715
20251200419
20251200423
20251200424
20251200236
20251200471
20251200470
20251200469
20251200714
20251200468
20251200466
20251200712
20251200422
20251200425
20251200426
20251200431
20251200355
20251200711
20251200517
20251200709
20251200708
20251200706
20251200705
20251200432
20251200437
20251200438
20251200441
20251200303
20251200703
20251200702
20251200440
20251200701
20251200465
20251200699
20251200464
20251200462
20251200461
20251200698
20251200357
20251200697
20251200459
20251200694
20251200427
20251200693
20251200692
20251200445
20251200447
20251200448
20251200327
20251200446
20251200457
20251200691
20251200688
20251200359
20251200686
20251200451
20251200682
20251200683
20251200260
20251200680
20251200361
20251200676
20251200533
20251200674
20251200672
20251200670
20251200669
20251200362
20251200510
20251200668
20251200667
20251200662
20251200661
20251200363
20251200539
20251200453
20251200658
20251200657
20251200655
20251200649
20251200454
20251200364
20251200301
20251200654
20251200328
20251200143
20251200449
20251200329
20251200651
20251200650
20251200365
20251200647
20251200646
20251200645
20251200642
20251200640
20251200366
20251200619
20251200637
20251200632
20251200635
20251200333
20251200634
20251200367
20251200630
20251200436
20251200628
20251200622
20251200336
20251200626
20251200085
20251200369
20251200621
20251200620
20251200618
20251200617
20251200613
20251200373
20251200610
20251200609
20251200086
20251200337
20251200608
20251200339
20251200606
20251200340
20251200341
20251200605
20251200372
20251200604
20251200603
20251200602
20251200601
20251200600
20251200599
20251200226
20251200596
20251200592
20251200594
20251200499
20251200593
20251200356
20251200587
20251200589
20251200588
20251200586
20251200224
20251200343
20251200585
20251200374
20251200583
20251200582
20251200581
20251200580
20251200579
20251200576
20251200376
20251200460
20251200133
20251200575
20251200574
20251200572
20251200377
20251200570
20251200568
20251200344
20251200567
20251200566
20251200565
20251200380
20251200563
20251200562
20251200561
20251200560
20251200208
20251200381
20251200558
20251200346
20251200557
20251200556
20251200555
20251200553
20251200347
20251200110
20251200112
20251200162
20251200165
20251200166
20251200167
20251200168
20251200170
20251200152
20251200171
20251200052
20251200173
20251200176
20251200177
20251200156
20251200181
20251200182
20251200183
20251200184
20251200187
20251200188
20251200189
20251200191
20251200194
20251200197
20251200198
20251200117
20251200201
20251200204
20251200210
20251200211
20251200212
20251200214
20251200215
20251200216
20251200217
20251200219
20251200221