20260100999
20260100997
20260100985
20260100984
20260100981
20260100978
20260100975
20260100973
20260100972
20260100965
20260100964
20260100949
20260100942
20260100940
20260100937
20260100933
20260100931
20260100925
20260100923
20260100902
20260100896
20260100893
20260100891
20260100889
20260100887
20260100881
20260100867
20260100864
20260100860
20260100847
20260100842
20260100839
20260100837
20260100834
20260100831
20260100829
20260100822
20260100821
20260100815
20260100807
20260100806
20260100797
20260100772
20260100767
20260100766
20260100759
20260100757
20260100755
20260100727
20260100724
20260100723
20260100710
20260100709
20260100706
20260100705
20260100701
20260100695
20260100691
20260100682
20260100681
20260100675
20260100665
20260100657
20260100656
20260100652
20260100648
20260100640
20260100629
20260100628
20260100622
20260100274
20260100616
20260100609
20260100603
20260100601
20260100599
20260100595
20260100587
20260100580
20260100573
20260100571
20260100563
20260100561
20260100553
20260100552
20260100533
20260100526
20260100513
20260100502
20260100498
20260100497
20260100493
20260100488
20260100485
20260100473
20260100466
20260100462
20260100461
20260100449
20260100448
20260100443
20260100439
20260100436
20260100433
20260100424
20260100418
20260100415
20260100400
20260100399
20260100391
20260100385
20260100382
20260100381
20260100364
20260100326
20260100307
20260100298
20260100297
20260100289
20260100282
20260100278
20260100265
20260100260
20260100256
20260100247
20260100232
20260100221
20260100218
20260100206
20260100197
20260100185
20260100184
20260100182
20260100168
20260100154
20260100153
20260100139
20260100125
20260100095
20260100093
20260100088
20260100085
20260100083
20260100076
20260100023
20260100018
20260100110
20260100576
20260100678
20260100100
20260100708
20260100945
20260100765
20260100995
20260100991
20260100987
20260100980
20260100968
20260100967
20260100966
20260100960
20260100956
20260100951
20260100826
20260100941
20260100924
20260100922
20260100920
20260100915
20260100880
20260100868
20260100846
20260100840
20260100832
20260100809
20260100801
20260100793
20260100779
20260100762
20260100737
20260100725
20260100722
20260100718
20260100707
20260100676
20260100674
20260100446
20260100663
20260100658
20260100655
20260100654
20260100644
20260100643
20260100624
20260100632
20260100621
20260100492
20260100615
20260100611
20260100606
20260100596
20260100586
20260100581
20260100578
20260100555
20260100546
20260100544
20260100534
20260100530
20260100529
20260100522
20260100520
20260100515
20260100509
20260100489
20260100487
20260100479
20260100149
20260100467
20260100465
20260100458
20260100456
20260100441
20260100438
20260100437
20260100426
20260100420
20260100409
20260100404
20260100396
20260100349
20260100344
20260100336
20260100327
20260100253
20260100302
20260100296
20260100275
20260100272
20260100259
20260100249
20260100222
20260100205
20260100143
20260100131
20260100126
20260100102
20260100080
20260100073
20260100065
20260100053
20260100044
20260100036
20260100024
20260100020
20260100017
20260100008
20260100007
20260100789
20260100107
20260100909
20260100542
20260100565
20260100337
20260100726
20260100874
20260100012
20260100346
20260100116
20260100849
20260100962
20260100878
20260100914
20260100911
20260100871
20260100827
20260100818
20260100784
20260100752
20260100746
20260100704
20260100584
20260100422
20260100347
20260100306
20260100257
20260100255
20260100254
20260100133
20260100251
20260100250
20260100248
20260100246
20260100241
20260100237
20260100172
20260100235
20260100234
20260100233
20260100164
20260100230
20260100231
20260100229
20260100224
20260100223
20260100220
20260100217
20260100216
20260100215
20260100214
20260100213
20260100212
20260100210
20260100209
20260100207
20260100169
20260100201
20260100200
20260100198
20260100195
20260100196
20260100193
20260100162
20260100192
20260100191
20260100190
20260100159
20260100187
20260100186
20260100156
20260100005
20260100183
20260100165
20260100181
20260100179
20260100178
20260100177
20260100176
20260100175
20260100171
20260100155
20260100151
20260100150
20260100148
20260100069
20260100146
20260100145
20260100144
20260100142
20260100141
20260100138
20260100136
20260100135
20260100129
20260100130
20260100127
20260100123
20260100122
20260100120
20260100121
20260100119
20260100115
20260100114
20260100113
20260100111
20260100103
20260100109
20260100108
20260100106
20260100105
20260100101
20260100099
20260100098
20260100097
20260100096
20260100092
20260100091
20260100089
20260100087
20260100086
20260100084
20260100081
20260100079
20260100078
20260100077
20260100075
20260100074
20260100072
20260100071
20260100070
20260100066
20260100064
20260100062
20260100048
20260100060
20260100059
20260100058
20260100057
20260100056
20260100054
20260100055
20260100052
20260100051
20260100050
20260100049
20260100047
20260100046
20260100045
20260100042
20260100040
20260100039
20260100038
20260100037
20260100035
20260100034
20260100033
20260100032
20260100031
20260100030
20260100028
20260100029
20260100027
20260100025
20260100022
20260100019
20260100016
20260100004
20260100015
20260100014
20260100011
20260100009
20260100003
20260100002
20251200193
20260100459
20260100321
20260100211
20260100132
20260100740
20260100808
20260100741
20260100892
20260100226
20260100989
20260100619
20260100908
20260100063
20260100928
20260100174
20260100360
20260100969
20260100486
20260100244
20260100982
20260100948
20260100998
20260100996
20260100699
20260100994
20260100993
20260100992
20260100990
20260100988
20260100986
20260100983
20260100979
20260100977
20260100976
20260100974
20260100245
20260100971
20260100600
20260100970
20260100963
20260100959
20260100958
20260100957
20260100954
20260100953
20260100952
20260100950
20260100947
20260100946
20260100944
20260100943
20260100939
20260100938
20260100936
20260100935
20260100916
20260100934
20260100932
20260100930
20260100921
20260100929
20260100927
20260100926
20260100434
20260100919
20260100918
20260100917
20260100913
20260100912
20260100907
20260100910
20260100905
20260100906
20260100904
20260100901
20260100900
20260100899
20260100898
20260100897
20260100895
20260100894
20260100890
20260100888
20260100886
20260100885
20260100884
20260100883
20260100882
20260100879
20260100875
20260100876
20260100877
20260100872
20260100873
20260100870
20260100869
20260100854
20260100866
20260100862
20260100865
20260100858
20260100859
20260100863
20260100861
20260100857
20260100856
20260100853
20260100852
20260100851
20260100850
20260100845
20260100848
20260100805
20260100843
20260100841
20260100836
20260100835
20260100830
20260100828
20260100825
20260100824
20260100823
20260100820
20260100819
20260100814
20260100817
20260100816
20260100813
20260100812
20260100811
20260100810
20260100804
20260100802
20260100803
20260100785
20260100800
20260100795
20260100799
20260100796
20260100794
20260100790
20260100787
20260100788
20260100792
20260100791
20260100786
20260100783
20260100782
20260100777
20260100776
20260100775
20260100773
20260100735
20260100774
20260100771
20260100770
20260100769
20260100768
20260100764
20260100763
20260100760
20260100761
20260100758
20260100754
20260100753
20260100751
20260100750
20260100749
20260100748
20260100610
20260100747
20260100745
20260100744
20260100739
20260100716
20260100738
20260100736
20260100734
20260100714
20260100733
20260100731
20260100732
20260100730
20260100729
20260100728
20260100721
20260100719
20260100720
20260100717
20260100715
20260100712
20260100711
20260100090
20260100703
20260100591
20260100700
20260100698
20260100697
20260100696
20260100694
20260100693
20260100692
20260100690
20260100689
20260100688
20260100687
20260100686
20260100269
20260100413
20260100671
20260100685
20260100684
20260100683
20260100680
20260100679
20260100677
20260100668
20260100673
20260100672
20260100669
20260100667
20260100666
20260100664
20260100660
20260100662
20260100661
20260100659
20260100653
20260100651
20260100650
20260100649
20260100647
20260100646
20260100645
20260100118
20260100517
20260100641
20260100642
20260100639
20260100637
20260100636
20260100137
20260100635
20260100634
20260100633
20260100631
20260100292
20260100627
20260100626
20260100625
20260100623
20260100620
20260100614
20260100618
20260100617
20260100188
20260100613
20260100612
20260100161
20260100608
20260100607
20260100605
20260100604
20260100602
20260100598
20260100597
20260100594
20260100593
20260100592
20260100590
20260100589
20260100588
20260100585
20260100582
20260100583
20260100579
20260100577
20260100575
20260100574
20260100570
20260100569
20260100568
20260100567
20260100566
20260100564
20260100562
20260100559
20260100560
20260100558
20260100557
20260100556
20260100554
20260100551
20260100550
20260100271
20260100549
20260100548
20260100547
20260100545
20260100543
20260100540
20260100541
20260100539
20260100538
20260100537
20260100536
20260100535
20260100082
20260100532
20260100203
20260100531
20260100160
20260100528
20260100527
20260100525
20260100524
20260100523
20260100512
20260100521
20260100519
20260100518
20260100516
20260100514
20260100511
20260100510
20260100508
20260100507
20260100421
20260100506
20260100505
20260100504
20260100503
20260100501
20260100500
20260100499
20260100496
20260100495
20260100494
20260100359
20260100491
20260100490
20260100094
20260100277
20260100484
20260100483
20260100481
20260100480
20260100410
20260100478
20260100061
20260100477
20260100471
20260100476
20260100475
20260100474
20260100472
20260100470
20260100469
20260100468
20260100464
20260100463
20260100460
20260100457
20260100455
20260100454
20260100453
20260100451
20260100452
20260100450
20260100445
20260100444
20260100442
20260100440
20260100435
20260100416
20260100432
20260100228
20260100431
20260100430
20260100429
20260100428
20260100427
20260100425
20260100423
20260100419
20260100417
20260100124
20260100414
20260100412
20260100411
20260100408
20260100267
20260100407
20260100406
20260100405
20260100403
20260100402
20260100401
20260100398
20260100397
20260100068
20260100395
20260100394
20260100393
20260100390
20260100392
20260100389
20260100388
20260100387
20260100386
20260100383
20260100384
20260100380
20260100378
20260100377
20260100376
20260100375
20260100374
20260100373
20260100372
20260100369
20260100371
20260100370
20260100367
20260100300
20260100366
20260100365
20260100363
20260100362
20260100361
20260100358
20260100356
20260100357
20260100355
20260100354
20260100353
20260100340
20260100352
20260100351
20260100350
20260100348
20260100345
20260100104
20260100343
20260100342
20260100341
20260100339
20260100338
20260100335
20260100334
20260100333
20260100332
20260100330
20260100329
20260100328
20260100325
20260100323
20260100322
20260100320
20260100319
20260100170
20260100318
20260100317
20260100316
20260100315
20260100314
20260100313
20260100189
20260100312
20260100311
20260100310
20260100280
20260100204
20260100309
20260100308
20260100305
20260100294
20260100304
20260100285
20260100303
20260100301
20260100299
20260100295
20260100293
20260100291
20260100290
20260100288
20260100287
20260100286
20260100284
20260100283
20260100281
20260100279
20260100276
20260100273
20260100270
20260100268
20260100266
20260100264
20260100263
20260100262
20260100261
20260100225
20260100208
20260100258
20260100252
20260100243
20260100242
20260100167
20260100240
20260100239
20260100238
20260100236
20260100227
20260100219
20260100202
20260100199
20260100194
20260100158
20260100173
20260100152